              precision    recall  f1-score   support

         bmw     0.9936    0.9827    0.9881      3000
    corvette     0.9897    0.9903    0.9900      3000
       honda     0.9959    0.9783    0.9870      2990
        jeep     0.9993    0.9980    0.9987      3000
       miata     0.9891    0.9967    0.9929      3000
     mustang     0.9887    0.9943    0.9915      3000
     porsche     0.9917    0.9963    0.9940      3000
          vw     0.9821    0.9933    0.9877      2990

    accuracy                         0.9912     23980
   macro avg     0.9913    0.9912    0.9912     23980
weighted avg     0.9913    0.9912    0.9912     23980
